Error
Error
9 1 4 3 7 5 2 6 8
2 8 7 4 9 6 1 5 3
3 6 5 8 1 2 4 7 9
8 4 6 5 2 1 3 9 7
5 2 9 6 3 7 8 1 4
7 3 1 9 8 4 5 2 6
1 5 3 7 4 9 6 8 2
6 9 8 2 5 3 7 4 1
4 7 2 1 6 8 9 3 5
4 3 5 2 6 9 7 8 1
6 8 2 5 7 1 4 9 3
1 9 7 8 3 4 5 6 2
8 2 6 1 9 5 3 4 7
3 7 4 6 8 2 9 1 5
9 5 1 7 4 3 6 2 8
5 1 9 3 2 6 8 7 4
2 4 8 9 5 7 1 3 6
7 6 3 4 1 8 2 5 9
9 8 7 6 5 4 3 2 1
2 4 6 1 7 3 9 8 5
3 5 1 9 2 8 7 4 6
1 2 8 5 3 7 6 9 4
6 3 4 8 9 2 1 5 7
7 9 5 4 6 1 8 3 2
5 1 9 2 8 6 4 7 3
4 7 2 3 1 9 5 6 8
8 6 3 7 4 5 2 1 9
Error
